[gd_scene load_steps=7 format=2]

[ext_resource path="res://Enemies/Infantry/Template/EnemyTemplate.tscn" type="PackedScene" id=1]
[ext_resource path="res://Enemies/EnemyVisionCast.gd" type="Script" id=2]

[sub_resource type="CapsuleMesh" id=1]
mid_height = 2.0

[sub_resource type="CapsuleShape" id=2]
height = 2.0

[sub_resource type="CubeMesh" id=3]

[sub_resource type="SphereShape" id=4]
radius = 102.0

[node name="PrototypeEnemy" instance=ExtResource( 1 )]

[node name="MeshInstance" type="MeshInstance" parent="." index="0"]
transform = Transform( -1, 8.74228e-08, 3.82137e-15, 0, -4.37114e-08, 1, 8.74228e-08, 1, 4.37114e-08, 0, 0, 0 )
mesh = SubResource( 1 )
material/0 = null

[node name="CollisionShape" parent="." index="1"]
transform = Transform( -1, 8.74228e-08, 3.82137e-15, 0, -4.37114e-08, 1, 8.74228e-08, 1, 4.37114e-08, 0, 0, 0 )
shape = SubResource( 2 )

[node name="Gun" parent="." index="3"]
transform = Transform( -0.195969, 0, -7.75606e-08, 0, 0.195969, 0, 1.71321e-08, 0, -0.88719, 0.597512, -0.00642276, -1.01141 )
mesh = SubResource( 3 )
material/0 = null

[node name="VisionCasts" parent="." index="4"]
transform = Transform( -1, 0, -8.74228e-08, 0, 1, 0, 8.74228e-08, 0, -1, 0, 0, 0 )

[node name="VisionCast" type="RayCast" parent="VisionCasts" index="0"]
transform = Transform( 1, 0, 0, 0, 1, 0, 0, 0, 1, 0, -0.45995, 1.36441 )
enabled = true
cast_to = Vector3( 0, 0, 100 )
script = ExtResource( 2 )

[node name="VisionCast2" type="RayCast" parent="VisionCasts" index="1"]
transform = Transform( 0.965926, 0, 0.258819, 0, 1, 0, -0.258819, 0, 0.965926, 0, -0.45995, 1.36441 )
enabled = true
cast_to = Vector3( 0, 0, 100 )
script = ExtResource( 2 )

[node name="VisionCast3" type="RayCast" parent="VisionCasts" index="2"]
transform = Transform( 0.866025, 0, 0.5, 0, 1, 0, -0.5, 0, 0.866025, 0, -0.45995, 1.36441 )
enabled = true
cast_to = Vector3( 0, 0, 100 )
script = ExtResource( 2 )

[node name="VisionCast4" type="RayCast" parent="VisionCasts" index="3"]
transform = Transform( 0.707107, 0, 0.707107, 0, 1, 0, -0.707107, 0, 0.707107, 0, -0.45995, 1.36441 )
enabled = true
cast_to = Vector3( 0, 0, 100 )
script = ExtResource( 2 )

[node name="VisionCast5" type="RayCast" parent="VisionCasts" index="4"]
transform = Transform( 0.5, 0, 0.866025, 0, 1, 0, -0.866025, 0, 0.5, 0, -0.45995, 1.36441 )
enabled = true
cast_to = Vector3( 0, 0, 100 )
script = ExtResource( 2 )

[node name="VisionCast6" type="RayCast" parent="VisionCasts" index="5"]
transform = Transform( 0.258819, 0, 0.965926, 0, 1, 0, -0.965926, 0, 0.258819, 0, -0.45995, 1.36441 )
enabled = true
cast_to = Vector3( 0, 0, 100 )
script = ExtResource( 2 )

[node name="VisionCast7" type="RayCast" parent="VisionCasts" index="6"]
transform = Transform( 0.965926, 0, -0.258819, 0, 1, 0, 0.258819, 0, 0.965926, 0, -0.45995, 1.36441 )
enabled = true
cast_to = Vector3( 0, 0, 100 )
script = ExtResource( 2 )

[node name="VisionCast8" type="RayCast" parent="VisionCasts" index="7"]
transform = Transform( 0.866025, 0, -0.5, 0, 1, 0, 0.5, 0, 0.866025, 0, -0.45995, 1.36441 )
enabled = true
cast_to = Vector3( 0, 0, 100 )
script = ExtResource( 2 )

[node name="VisionCast9" type="RayCast" parent="VisionCasts" index="8"]
transform = Transform( 0.707107, 0, -0.707107, 0, 1, 0, 0.707107, 0, 0.707107, 0, -0.45995, 1.36441 )
enabled = true
cast_to = Vector3( 0, 0, 100 )
script = ExtResource( 2 )

[node name="VisionCast10" type="RayCast" parent="VisionCasts" index="9"]
transform = Transform( 0.5, 0, -0.866025, 0, 1, 0, 0.866025, 0, 0.5, 0, -0.45995, 1.36441 )
enabled = true
cast_to = Vector3( 0, 0, 100 )
script = ExtResource( 2 )

[node name="PlayerPosition3D" parent="." index="5"]
transform = Transform( -1, 0, -8.74228e-08, 0, 1, 0, 8.74228e-08, 0, -1, 0, 0, 0 )

[node name="FindPlayer" parent="." index="6"]
transform = Transform( -1, 0, -8.74228e-08, 0, 1, 0, 8.74228e-08, 0, -1, 0, 0, 0 )

[node name="CollisionShape" parent="FindPlayer" index="0"]
shape = SubResource( 4 )
